timestamp,tank_name,volume_liters,pressure_kpa,temperature_c,latitude,longitude
2025-08-04T00:00:00,alpha1_diesel_storage,60000.0,101.25,35.08,5.58333,5.16667
2025-08-04T00:00:30,alpha1_diesel_storage,59166.67,101.4,35.09,5.58333,5.16667
2025-08-04T00:01:00,alpha1_diesel_storage,58333.33,101.42,35.4,5.58333,5.16667
2025-08-04T00:01:30,alpha1_diesel_storage,57500.0,101.51,35.45,5.58333,5.16667
2025-08-04T00:02:00,alpha1_diesel_storage,56666.67,101.51,35.34,5.58333,5.16667
2025-08-04T00:02:30,alpha1_diesel_storage,55833.33,101.63,35.59,5.58333,5.16667
2025-08-04T00:03:00,alpha1_diesel_storage,55000.0,101.56,35.57,5.58333,5.16667
2025-08-04T00:03:30,alpha1_diesel_storage,54166.67,101.73,35.78,5.58333,5.16667
2025-08-04T00:04:00,alpha1_diesel_storage,53333.33,101.67,35.82,5.58333,5.16667
2025-08-04T00:04:30,alpha1_diesel_storage,52500.0,101.69,35.73,5.58333,5.16667
2025-08-04T00:05:00,alpha1_diesel_storage,51666.67,101.65,35.97,5.58333,5.16667
2025-08-04T00:05:30,alpha1_diesel_storage,50833.33,101.7,35.92,5.58333,5.16667
2025-08-04T00:06:00,alpha1_diesel_storage,50000.0,101.7,35.85,5.58333,5.16667
2025-08-04T00:06:30,alpha1_diesel_storage,49166.67,101.83,35.94,5.58333,5.16667
2025-08-04T00:07:00,alpha1_diesel_storage,48333.33,101.74,36.15,5.58333,5.16667
2025-08-04T00:07:30,alpha1_diesel_storage,47500.0,101.71,36.08,5.58333,5.16667
2025-08-04T00:08:00,alpha1_diesel_storage,46666.67,101.83,36.13,5.58333,5.16667
2025-08-04T00:08:30,alpha1_diesel_storage,45833.33,101.82,36.04,5.58333,5.16667
2025-08-04T00:09:00,alpha1_diesel_storage,45000.0,101.86,35.86,5.58333,5.16667
2025-08-04T00:09:30,alpha1_diesel_storage,44166.67,101.84,36.07,5.58333,5.16667
2025-08-04T00:10:00,alpha1_diesel_storage,43333.33,101.79,35.78,5.58333,5.16667
2025-08-04T00:10:30,alpha1_diesel_storage,42500.0,101.78,35.7,5.58333,5.16667
2025-08-04T00:11:00,alpha1_diesel_storage,41666.67,101.58,35.56,5.58333,5.16667
2025-08-04T00:11:30,alpha1_diesel_storage,40833.33,101.56,35.76,5.58333,5.16667
2025-08-04T00:12:00,alpha1_diesel_storage,40000.0,101.54,35.56,5.58333,5.16667
2025-08-04T00:12:30,alpha1_diesel_storage,39166.67,101.55,35.62,5.58333,5.16667
2025-08-04T00:13:00,alpha1_diesel_storage,38333.33,101.47,35.42,5.58333,5.16667
2025-08-04T00:13:30,alpha1_diesel_storage,37500.0,101.47,35.36,5.58333,5.16667
2025-08-04T00:14:00,alpha1_diesel_storage,36666.67,101.33,35.2,5.58333,5.16667
2025-08-04T00:14:30,alpha1_diesel_storage,35833.33,101.4,35.17,5.58333,5.16667
2025-08-04T00:15:00,alpha1_diesel_storage,35000.0,101.28,35.02,5.58333,5.16667
2025-08-04T00:15:30,alpha1_diesel_storage,34166.67,101.27,34.77,5.58333,5.16667
2025-08-04T00:16:00,alpha1_diesel_storage,33333.33,101.17,34.92,5.58333,5.16667
2025-08-04T00:16:30,alpha1_diesel_storage,32500.0,101.11,34.86,5.58333,5.16667
2025-08-04T00:17:00,alpha1_diesel_storage,31666.67,101.0,34.79,5.58333,5.16667
2025-08-04T00:17:30,alpha1_diesel_storage,30833.33,100.98,34.54,5.58333,5.16667
2025-08-04T00:18:00,alpha1_diesel_storage,30000.0,100.91,34.43,5.58333,5.16667
2025-08-04T00:18:30,alpha1_diesel_storage,29166.67,101.05,34.47,5.58333,5.16667
2025-08-04T00:19:00,alpha1_diesel_storage,28333.33,100.87,34.23,5.58333,5.16667
2025-08-04T00:19:30,alpha1_diesel_storage,27500.0,100.97,34.1,5.58333,5.16667
2025-08-04T00:20:00,alpha1_diesel_storage,26666.67,100.78,34.08,5.58333,5.16667
2025-08-04T00:20:30,alpha1_diesel_storage,25833.33,100.85,34.17,5.58333,5.16667
2025-08-04T00:21:00,alpha1_diesel_storage,25000.0,100.75,34.12,5.58333,5.16667
2025-08-04T00:21:30,alpha1_diesel_storage,24166.67,100.87,34.05,5.58333,5.16667
2025-08-04T00:22:00,alpha1_diesel_storage,23333.33,100.71,33.9,5.58333,5.16667
2025-08-04T00:22:30,alpha1_diesel_storage,22500.0,100.81,34.15,5.58333,5.16667
2025-08-04T00:23:00,alpha1_diesel_storage,21666.67,100.82,34.08,5.58333,5.16667
2025-08-04T00:23:30,alpha1_diesel_storage,20833.33,100.75,34.0,5.58333,5.16667
2025-08-04T00:24:00,alpha1_diesel_storage,20000.0,100.91,33.99,5.58333,5.16667
2025-08-04T00:24:30,alpha1_diesel_storage,19166.67,100.92,34.15,5.58333,5.16667
2025-08-04T00:25:00,alpha1_diesel_storage,18333.33,100.93,34.33,5.58333,5.16667
2025-08-04T00:25:30,alpha1_diesel_storage,17500.0,100.97,34.34,5.58333,5.16667
2025-08-04T00:26:00,alpha1_diesel_storage,16666.67,100.83,34.33,5.58333,5.16667
2025-08-04T00:26:30,alpha1_diesel_storage,15833.33,100.96,34.2,5.58333,5.16667
2025-08-04T00:27:00,alpha1_diesel_storage,15000.0,101.01,34.45,5.58333,5.16667
2025-08-04T00:27:30,alpha1_diesel_storage,14166.67,100.97,34.47,5.58333,5.16667
2025-08-04T00:28:00,alpha1_diesel_storage,13333.33,101.01,34.47,5.58333,5.16667
2025-08-04T00:28:30,alpha1_diesel_storage,12500.0,101.19,34.66,5.58333,5.16667
2025-08-04T00:29:00,alpha1_diesel_storage,11666.67,101.13,34.79,5.58333,5.16667
2025-08-04T00:29:30,alpha1_diesel_storage,10833.33,101.18,34.83,5.58333,5.16667
2025-08-04T00:30:00,alpha1_diesel_storage,10000.0,101.22,35.07,5.58333,5.16667
